{"nbformat":4,"nbformat_minor":0,"metadata":{"colab":{"provenance":[],"authorship_tag":"ABX9TyMtm768ymntMOfhAuu/1OT7"},"kernelspec":{"name":"python3","display_name":"Python 3"},"language_info":{"name":"python"}},"cells":[{"cell_type":"code","execution_count":null,"metadata":{"id":"n6biWuTtNGyL"},"outputs":[],"source":["import numpy as np"]},{"cell_type":"code","source":["q1 = np.array([(1, 2), (3,4)])\n","q1\n"],"metadata":{"colab":{"base_uri":"https://localhost:8080/"},"id":"39o6sFptNYEu","executionInfo":{"status":"ok","timestamp":1761829513293,"user_tz":-480,"elapsed":6,"user":{"displayName":"JUN ONN YONG","userId":"13395826959439218161"}},"outputId":"60d7e63d-0c8e-4302-d171-b8c68de700fc"},"execution_count":null,"outputs":[{"output_type":"execute_result","data":{"text/plain":["array([[1, 2],\n","       [3, 4]])"]},"metadata":{},"execution_count":7}]},{"cell_type":"code","source":["q2 = np.random.random((3,4))\n","q2"],"metadata":{"colab":{"base_uri":"https://localhost:8080/"},"id":"YkL50jZLNd8C","executionInfo":{"status":"ok","timestamp":1761829580194,"user_tz":-480,"elapsed":42,"user":{"displayName":"JUN ONN YONG","userId":"13395826959439218161"}},"outputId":"0b53a1cb-021d-41b4-f36c-697cadebb472"},"execution_count":null,"outputs":[{"output_type":"execute_result","data":{"text/plain":["array([[0.41907051, 0.60667883, 0.77193915, 0.47891544],\n","       [0.47647609, 0.04701496, 0.79915136, 0.27532828],\n","       [0.15224165, 0.18121503, 0.38511614, 0.82179691]])"]},"metadata":{},"execution_count":10}]},{"cell_type":"code","source":["q3a = np.ones((2, 2))\n","q3b = np.zeros((2, 2))\n","q3a, q3b"],"metadata":{"colab":{"base_uri":"https://localhost:8080/"},"id":"jehM5tENNehA","executionInfo":{"status":"ok","timestamp":1761829661561,"user_tz":-480,"elapsed":5,"user":{"displayName":"JUN ONN YONG","userId":"13395826959439218161"}},"outputId":"8a5bb6a9-80da-4b48-f843-dcd2e0c52d22"},"execution_count":null,"outputs":[{"output_type":"execute_result","data":{"text/plain":["(array([[1., 1.],\n","        [1., 1.]]),\n"," array([[0., 0.],\n","        [0., 0.]]))"]},"metadata":{},"execution_count":13}]},{"cell_type":"code","source":["q4a = np.random.random((6, 3))\n","q4b = np.transpose(q4a)\n","print(f\"Initial array is \\n{q4a}, \\ntransposed array is \\n{q4b}\")"],"metadata":{"colab":{"base_uri":"https://localhost:8080/"},"id":"3kVvJKAoOwRV","executionInfo":{"status":"ok","timestamp":1761829805892,"user_tz":-480,"elapsed":31,"user":{"displayName":"JUN ONN YONG","userId":"13395826959439218161"}},"outputId":"8df8794c-82c1-43da-dba8-7755330a6443"},"execution_count":null,"outputs":[{"output_type":"stream","name":"stdout","text":["Initial array is \n","[[0.40917966 0.03051461 0.59890893]\n"," [0.52518442 0.1539024  0.31904858]\n"," [0.65247724 0.38826127 0.22440545]\n"," [0.97873052 0.46277066 0.81044544]\n"," [0.42384281 0.99501664 0.59682575]\n"," [0.72007438 0.54216532 0.08286116]], \n","transposed array is \n","[[0.40917966 0.52518442 0.65247724 0.97873052 0.42384281 0.72007438]\n"," [0.03051461 0.1539024  0.38826127 0.46277066 0.99501664 0.54216532]\n"," [0.59890893 0.31904858 0.22440545 0.81044544 0.59682575 0.08286116]]\n"]}]},{"cell_type":"code","source":["q5a = np.random.random((2, 3))\n","q5b = np.random.random((3, 4))\n","dot_product = np.dot(q5a, q5b)\n","dot_product"],"metadata":{"colab":{"base_uri":"https://localhost:8080/"},"id":"0dUIiYwaO-FS","executionInfo":{"status":"ok","timestamp":1761829892186,"user_tz":-480,"elapsed":17,"user":{"displayName":"JUN ONN YONG","userId":"13395826959439218161"}},"outputId":"6e5ecf35-2b3f-49d3-dd2b-0ba99085eb57"},"execution_count":null,"outputs":[{"output_type":"execute_result","data":{"text/plain":["array([[0.72779777, 0.50495475, 0.5296399 , 0.37108144],\n","       [0.81815636, 0.52760954, 0.55984629, 0.44615377]])"]},"metadata":{},"execution_count":18}]},{"cell_type":"code","source":["from google.colab import drive\n","drive.mount('/content/drive')\n","\n","%cd /content/drive/MyDrive/git_repos/data-science-toolkit"],"metadata":{"colab":{"base_uri":"https://localhost:8080/"},"id":"KG-vOE0vgnzG","executionInfo":{"status":"ok","timestamp":1762059800113,"user_tz":-480,"elapsed":3372,"user":{"displayName":"JUN ONN YONG","userId":"13395826959439218161"}},"outputId":"4d743135-a07e-45bf-fa6f-ee3f764cb1c4"},"execution_count":35,"outputs":[{"output_type":"stream","name":"stdout","text":["Drive already mounted at /content/drive; to attempt to forcibly remount, call drive.mount(\"/content/drive\", force_remount=True).\n","/content/drive/MyDrive/git_repos/data-science-toolkit\n"]}]}]}